-0.4333545933 1.975232225 1.925248194
2.323606972 -0.3927341391 -0.007950193192
0.4895572141 0.06384414416 1.422953527
-2.281634892 -1.641730141 -2.941604713
-2.868938213 1.350747847 -0.9036720765
1.469556819 -2.931722426 2.624866213
2.914403705 2.501473227 -2.04568509
-1.416847588 -0.9220636778 0.7235332479
-1.136324632 0.5714050932 -1.940880211
2.387676786 -2.14122683 0.02990070551
1.08203264 1.709283361 -1.389498159
-2.431559705 -0.144031699 2.91446784
-1.84081092 2.754009496 0.9254368333
0.0985875708 -1.185711195 -2.640683985
1.800325517 0.8550849859 2.018362461
-0.1562771016 -2.421860131 -0.6902636352
-0.2812285101 1.064978333 0.2533352968
1.679830742 -2.629059743 -1.679864494
0.2254086237 2.982789982 3.088911013
-1.722185579 -1.423302802 -1.275648818
-2.705295278 1.867479396 -2.379476615
0.8158216632 -0.3049456247 1.149063266
2.660214018 0.7598013746 -0.5762224532
-0.8689151501 -2.320836146 2.192997289
-1.290182342 2.659318712 -0.2752949846
3.033160861 -1.08332813 1.695487336
1.344857068 1.539560568 -3.061783316
-2.9896607 -3.110915279 1.242184275
-2.009229475 0.2741120105 2.395297196
0.7571225024 -1.848555257 -1.170825214
2.050099111 2.203620239 0.5429556492
-0.6998172275 -0.6307182407 -2.165671852
-0.5993230356 0.1898237208 -1.481836103
2.145966667 -1.761186741 2.804488836
0.6428709937 2.094692196 -1.863114347
-2.091340018 -0.5187103451 0.1421814177
-3.07172292 2.375492902 2.12922866
1.230558008 -0.8026063283 -0.610843574
3.129075991 1.231287127 0.8168723426
-1.18973645 -2.805745471 -2.734676126
-0.9709546516 1.583690276 1.49765068
2.565915553 -0.02418860728 -2.826256788
0.9285518306 0.4515646231 1.829841539
-2.621687549 -2.015631123 -0.1148619844
-1.638626174 0.9806788202 -2.151182368
0.3381863419 -2.541703972 0.626472396
1.585484703 2.873850715 -0.7897386647
-0.3832197119 -1.311307651 2.701217563
-0.06658089524 3.059298865 -2.951708356
1.906966645 -1.494056823 1.334617987
0.02265017922 1.135734976 -0.3876716759
-1.961210559 -2.705566005 1.61762568
-2.552007667 0.6832932401 0.4636315438
1.006142799 -2.250082874 -2.276442282
2.49427034 1.796723502 2.489193358
-1.046580126 -0.2284401118 -1.062356515
-1.505044924 1.462671186 2.973467109
2.806239925 -3.040541757 -1.350441763
1.547064987 2.58894856 0.3603430437
-2.750085195 -1.006435377 -1.584362071
-2.162733551 2.280508873 -0.4792575804
0.5670178311 -0.7010910137 2.298398775
2.215490766 0.344481413 -2.45573201
-0.5216002286 -1.925447262 1.035225623
-0.5847234409 1.208544918 -2.553694417
2.180454083 -2.780305103 0.9364963887
0.528520703 2.451117375 -0.7734255541
-2.222426279 -0.8747653243 2.003463647
-2.81322038 2.118349723 0.06550982854
1.512016331 -0.5450450122 -1.878428226
2.767754793 0.1147310239 2.875031442
-1.564725656 -1.689538596 -1.44811051
-0.9869863612 2.896158495 2.587725215
2.532860252 -1.337074589 -0.9645918123
1.041278259 0.9053869091 0.7583689671
-2.488977426 -2.469104556 -1.982471685
-1.90162879 0.4282336661 -0.09340751247
0.06122809554 -1.988862028 1.912656764
1.942114077 1.658342553 -2.853841741
-0.0035386818 -0.09616931455 1.433251663
-0.3205773667 1.819672462 -1.083810086
1.621002253 -0.2540572235 2.406379128
0.3763973467 0.607491976 -2.248856334
-1.578647322 -2.177717174 0.5280314622
-2.559033231 1.112278208 1.731119023
0.9640813534 -2.679414074 -0.2128176272
2.604114562 3.134208779 1.202722317
-0.9109877963 -1.565504256 -3.120418044
-1.249808085 0.3219728735 1.111896709
3.09096395 -1.899497588 -2.440418728
1.195133429 2.355983567 2.227855572
-3.134464041 -0.7738911424 -0.5129836762
-2.151399658 2.612072766 -1.765344378
0.6047709484 -1.033027729 0.2407184945
2.110530115 1.3881957 -1.187860286
-0.6620761296 -2.968767754 3.099231526
-0.7380147501 2.527623263 0.6407196849
1.990130746 -0.9455223416 -2.067140849
0.6944666749 1.279298565 2.689266939
-2.044757512 -2.856814361 -0.8760884577
-3.027870195 0.03822588556 -2.766752899
1.28487673 -1.618782328 1.536447584
2.97051703 2.047596825 -0.1766621628
-1.325698382 -0.4685365033 1.793353284
-0.833480085 0.8284945304 -0.6749510434
2.722968621 -2.39873403 2.095035712
0.8758828124 2.825785348 -2.674410912
-2.667196719 -1.260184832 0.8548959359
-1.68676251 1.735234182 2.794845502
0.2881512315 -0.1665390915 -1.570481203
1.739903864 0.4986060647 0.1556673807
-0.2431179785 -2.065751036 -1.778299518
-0.1177904596 0.7334685566 2.312620504
1.860004762 -2.29717677 -0.3952384383
0.1617212693 1.939129437 1.023297562
-1.805760755 -0.3800364256 -2.54205643
-2.393061091 3.00823145 -1.290960439
1.141723859 -1.44604391 3.01223864
2.450798488 0.9928204844 -1.64613669
-1.101286462 -2.553434123 0.3238771657
-1.45199653 2.230387485 -2.340524192
2.851362978 -0.6540510467 0.4294609725
1.409976537 0.2021294073 -1.002113865
-2.907517639 -1.773904877 2.527191579
-2.316771838 1.51379253 1.324997217
0.426528483 -3.088608599 -3.040328083
2.264014717 2.731916981 1.631086083
-0.4719459919 -1.158621188 -0.3028792237
-0.4455534049 0.472934749 1.190144071
2.285954416 -2.043150654 -3.101551275
0.4046845647 1.611388073 1.766118057
-2.343260393 -0.04576396303 -0.2414802008
-2.930992161 2.852272363 -2.230127291
1.385118586 -1.283600866 0.5153153043
2.876316709 0.9531562929 -1.112706445
-1.428617975 -2.520324858 2.441144563
-1.123166333 2.073313093 -1.205006113
2.424369855 -0.4911878295 3.122737781
1.168248272 0.1621169477 -1.731892714
-2.371277187 -1.739608401 0.2135793219
-1.780866945 1.252862471 2.251128041
0.1851357764 -2.833443256 -0.530363102
1.836686035 2.403012421 1.084619811
-0.1427802369 -0.8239764425 -2.407104976
-0.2203265575 2.561235795 2.856159887
1.766954928 -0.9848750135 -1.435533868
0.2608126398 1.441286091 0.0941678027
-1.709266216 -3.013037218 -1.91342905
-2.692714457 0.3719949405 -0.7606992025
0.8515582532 -1.946835352 1.984741988
2.747005653 2.302078225 -2.588449471
-0.8076746314 -0.728806775 0.9653999458
-1.352809274 1.163450749 -2.8773496
2.947761655 -2.727135369 1.450392703
1.307344577 3.080686968 -0.06627013047
-3.000471588 -1.521570362 1.879200501
-2.020468812 1.769218951 0.7757557778
0.7200444282 -0.2070550057 -2.005733961
1.964265465 0.6617328647 2.554418661
-0.7620157352 -2.222370097 -0.9373045339
-0.6845799293 1.681760846 -1.630301918
2.08319143 -0.1226525966 0.3021309996
0.6318219187 0.5498267531 -1.322702946
-2.12860833 -2.113520057 3.038021816
-3.108658681 0.8827827708 1.00131761
1.219170367 -2.443435475 -2.526455257
3.066639297 2.77537961 2.338265955
-1.275325917 -1.213230715 -0.4271188582
-0.8835892834 0.09136367547 1.645352513
2.626582315 -1.663100267 -0.3231289533
0.941325885 1.99680758 1.288666156
-2.586144216 -0.4204319357 -3.009932385
-1.602648401 2.473766443 -1.022501319
0.3505319719 -0.900485326 2.541320096
1.646579913 1.329368733 -2.310362279
-0.2962887602 -2.904199899 0.3928963123
-0.03002714259 1.561129932 -0.1549175767
1.920270252 -3.138631052 1.777513749
0.08316788759 2.686832251 -2.792537843
-1.87523611 -1.104716233 1.568185515
-2.465598778 2.182235133 2.673673174
1.066232084 -0.6032136897 -0.8540982886
2.508002395 0.2463992336 0.6726073258
-1.010460789 -1.826994882 -2.092775896
-1.542941659 2.961229618 0.1759123471
2.7942793 -1.395590037 -1.792567528
1.485587791 1.037473794 2.764445228
-2.835100157 -2.607674649 -1.534151908
-2.247415963 0.7811894651 -2.688529212
0.5052020697 -2.348349674 0.8752907987
2.203868684 1.895195157 -0.638375979
-0.5598295374 -0.3265149767 2.064881021
-0.4998522778 2.798279299 -0.5406599738
2.242075101 -1.238801224 2.16336418
0.5407210243 0.8069326569 -2.394511439
-2.184769217 -2.371022751 1.170075398
-2.775134893 0.5263203396 3.059523488
1.523782212 -2.087321897 -1.239840569
2.829810228 1.756620786 0.2744973256
-1.48028294 -0.1940541288 -1.69474961
-1.073200507 1.30681359 0.5739267661
2.472582216 -2.878200954 -2.190689629
1.028118451 2.549194112 2.378690847
-2.525675001 -0.9732366049 -1.148313462
-1.937987799 2.019885558 -3.086651197
0.04773573668 -0.4469746415 1.273305101
1.882168615 0.01684228911 -0.2525376495
-0.09009136976 -1.59127629 1.679126756
-0.3559769004 0.2237062494 -2.016056206
1.608084377 -1.801601164 0.6879693525
0.3154908883 2.257908503 -0.9246886209
-1.665773018 -0.6754196629 2.639899808
-2.645820361 2.710539377 1.387156033
0.9028423445 -1.131097175 -2.912209615
2.591529259 1.486087255 1.940143877
-0.9467258726 -3.067028761 -0.0291044626
-1.212300077 1.917549587 2.043378823
3.101773352 -0.3523311388 -0.7212389769
1.257764867 0.7059445312 0.9029238524
-3.049063325 -2.275799154 -2.624082048
-2.065570517 1.014189112 -1.420611413
0.6669679463 -2.580955152 2.939346476
2.121773934 3.035927748 -1.924511872
-0.6249965691 -1.467620764 0.007153938585
-0.7269641653 0.9267735016 2.456504284
2.027403564 -2.496619581 -1.035985925
0.7797220822 2.923872759 0.4815397735
-1.981986757 -1.358645439 -2.300716933
-2.965432014 1.636780691 -0.361151189
1.37047068 -0.06845804735 1.585086315
3.007451281 0.4007276288 -2.975737424
-1.314315247 -1.967478431 1.352771987
-0.8462556491 2.429733767 -2.489965645
2.687420783 -0.8472592753 1.063116805
0.7885189305 1.180833639 -0.4659137487
-2.727858998 -2.75874323 2.278760428
-1.747859206 0.1363018856 0.3884798094
0.2012157974 -1.717252871 -1.618349936
1.703927601 2.14586476 2.953978659
-0.2554591028 -0.5664316165 -1.336948222
-0.1783126738 2.32827828 0.7905003594
1.774028804 -0.7523112925 -2.701991254
0.125171999 0.3005952575 2.153502105
-1.819062876 -1.871973562 -0.6287561925
-2.406797628 1.415716729 -1.830567386
1.105603036 -2.990136382 0.1156717095
2.364394105 2.63364962 -1.49998232
-1.161374236 -1.060724027 2.828528495
-1.390514829 0.6351882629 -0.817634049
2.93637945 -2.199294016 2.735449805
1.447868789 1.841041078 -2.13154841
-2.8955585 -0.2815782411 0.6131273588
-2.305145273 3.106684766 1.863840183
0.4647592781 -1.544126651 -0.1429911546
2.348692623 1.09069837 1.484167731
-0.4101317402 -2.651708799 -2.806760555
-0.3980821111 1.092876971 -1.051073572
2.337421699 -2.674989935 2.477464764
0.4512227742 3.102152014 -2.291381151
-2.292387639 -1.52464826 0.4778371396
-2.882753127 1.864335696 1.581886691
1.43428415 -0.2837433599 -0.3513117424
2.925156639 0.6157233538 1.373996447
-1.378512961 -2.194747781 -2.990561746
-1.174683052 2.644060447 1.072835333
2.376947996 -1.073856959 -2.493285532
1.117329079 1.407528226 2.264055527
-2.417768958 -2.973164753 -0.4445705229
-1.830081943 0.3137147068 -1.59750972
0.1369461781 -1.882397872 0.3732712429
1.786534582 2.311293169 -1.340532091
-0.1915737277 -0.7441362722 2.963433861
-0.2674373883 2.150001845 -2.72285614
1.715127555 -0.5863056746 0.8056837872
0.2146794597 0.1344949828 -0.625149526
-1.760544374 -1.693600037 2.144070169
-2.740591529 1.200718184 0.1059278559
0.8020311031 -2.762869829 -1.827271982
2.69857225 2.406091419 2.84325685
-0.8581865477 -0.8454418863 -1.521302935
-1.300935463 0.4084968707 2.738673726
2.994826047 -1.98486932 -0.8274487312
1.35867217 1.626717219 0.591879726
-2.954387843 -0.05497776049 -2.116747728
-1.970895223 2.941253162 -0.1278785555
0.7678750615 -1.366425167 1.842903812
2.014826816 0.9132827285 -2.816120164
-0.7136317678 -2.486566595 1.48784738
-0.6376576628 3.025643505 2.178452343
2.135213733 -1.453895362 -0.5616198448
0.6781436632 1.022120703 1.160740225
-2.077525104 -2.598484796 -2.390808291
-3.060970173 0.6922326117 -1.236640336
1.268892448 -2.265501428 3.049684556
3.115261263 1.935092714 -1.715973555
-1.225008932 -0.3602492473 0.2893222565
-0.9356580254 1.484417235 -2.200409046
2.579706487 -3.043537152 0.5772456707
0.8901932233 2.714430224 -1.133609544
-2.632416526 -1.150748588 2.357346731
-1.652416921 2.234403412 1.252463902
0.302889903 -0.6737631247 -3.07144352
1.596213493 0.2433441808 1.682709735
-0.3448612919 -1.805505493 -0.261993835
-0.07730949755 0.008515031714 0.708833256
1.868608412 -1.574142313 -2.031240523
0.0364407393 2.0305415 2.636292252
-1.925914307 -0.460328345 -0.9152576679
-2.513648872 2.532070621 -2.902466651
1.016871964 -0.9648988613 1.383859646
2.458973526 1.32017778 -0.04383380062
-1.060371247 -2.888846409 1.961463603
-1.491230383 1.752310679 -0.7244622887
2.84151222 -0.1748219757 2.05319402
1.536312428 0.5283377154 -2.6028339
-2.788419447 -2.110466151 0.8881237794
-2.198006408 0.7876900177 2.924234392
0.5532027291 -2.366723129 -1.399674434
2.25382558 2.821413066 0.01651415659
-0.5108471078 -1.240829086 -1.928191005
-0.5463646463 1.908356364 0.3108193988
2.191183247 -0.3369814182 -1.633118609
0.4932238896 0.7642464863 3.022046446
-2.236217401 -2.340216411 -1.301095553
-2.823948982 1.047926753 -2.504344854
1.473658098 -2.620849338 0.9858459054
2.781545353 2.953082873 -0.4296715683
-1.529429404 -1.37866054 2.34721768
-1.022259218 0.2697359837 -0.3387200788
2.51904515 -1.829201758 1.667344151
1.079613073 2.162811981 -3.000859741
-2.478224305 -0.5987095873 1.286233709
-1.88781425 2.689052609 2.53838464
0.09650039046 -1.1280395 -1.013932341
1.931361518 1.556639312 0.4146239695
-0.04187293448 -3.119194418 -2.32621673
-0.3098246204 1.346707378 1.780426595
1.659336693 -2.911937495 -0.1635100085
0.3625826192 2.460233537 1.546482342
-1.613919805 -0.8903905827 -2.776658066
-2.597367859 2.00453469 -0.8385304293
0.9533284198 -0.4377810674 2.651658738
2.639387231 0.08125844595 -2.101823401
-0.8971728815 -1.649577848 0.675064443
-1.263598832 2.795222022 -1.814654946
3.055667511 -1.217315557 0.1914078796
1.205862219 0.8590986655 -1.531623307
-3.096105621 -2.441575954 2.755468552
-2.116103032 0.5539220811 0.8666260402
0.618561883 -2.133351983 -2.685689349
2.072171508 1.679911811 2.080831626
-0.6728051065 -0.09895800506 -0.6600076688
-0.7733110017 0.6382695312 -3.110240283
1.976340186 -2.220755691 1.192960247
0.7328249077 1.788899015 -0.225505346
-2.034028909 -0.2110010926 1.744510054
-3.014079073 3.079059079 0.493204386
1.320173543 -1.498120511 -2.214656195
2.959787866 1.167383354 2.443696665
-1.364057177 -2.746828915 -1.121658685
-0.7951458323 2.288408437 3.13832989
2.73372118 -0.7185508064 -1.226996862
0.8406105174 0.3895798244 0.2045075679
-2.681011259 -1.954795593 -1.729459284
-1.697515631 1.431043605 -0.5274267563
0.2498164171 -2.999353948 2.242560046
1.753718966 2.569209518 -2.42883165
-0.2078451219 -1.002446415 1.100475151
-0.1316053744 2.383728025 -1.438445824
1.824732093 -0.8196346889 2.864753302
0.1724742028 1.275954106 -1.891724893
-1.767426128 -2.83542936 0.07828891536
-2.357788609 0.1577647079 1.969175112
1.155538586 -1.72033449 -0.7386838771
2.412464048 2.075288712 0.9744483399
-1.112039208 -0.5142899509 -2.590905605
-1.441267553 0.9359906696 1.472479607
2.889721586 -2.511945357 -2.892845741
1.396185602 2.865594795 1.876671291
-2.942814265 -1.29420419 -0.05729396943
-2.355130258 1.603019058 -1.997069811
0.4157996934 -0.02858785356 0.7729153994
2.299311156 0.483548559 -0.9532556543
-0.4581552446 -2.0564626 2.576049742
-0.4839120122 2.742142989 -2.083115329
2.275225439 -1.172308952 0.6623273127
0.4399811909 1.505802329 -0.8673998244
-2.329469458 -3.071041691 2.686451137
-2.920263371 0.2158306533 1.533895108
1.423477006 -1.784117403 -2.757800285
2.862525962 2.21283406 1.815464577
-1.463914414 -0.6460473634 -0.1921336333
-1.087893664 0.99440493 2.104107092
2.43818477 -2.576915433 -0.6773840986
1.129913645 3.004255402 0.8393042018
-2.382030121 -1.426381823 -2.652420538
-1.794681672 1.962597265 -1.548754154
0.1498632942 -0.3816343535 2.778989788
1.847438782 0.7137929872 -1.781236238
-0.104445797 -2.293214205 0.1642357504
-0.2310791166 0.5069675895 -0.4169422207
1.728620675 -2.08294662 2.328499017
0.27462718 1.724612882 -2.539144848
-1.673993921 -0.15324662 1.014704522
-2.654379643 2.842991418 3.003189871
0.862311374 -1.268535871 -1.28850393
2.711732796 0.815212545 0.3394444163
-0.8214897334 -2.388102243 -1.66815239
-1.339018714 2.051920602 0.4319898078
2.983057907 -0.4878508606 -2.349499978
1.296615975 0.03622180483 2.50510505
-3.038829821 -1.595720653 -0.9866180979
-2.055765625 1.298602436 -3.024376588
0.7062533064 -2.861148625 1.303365762
2.00262426 2.504551102 -0.3115437481
-0.7512865711 -0.9435287471 1.633926836
-0.6492834903 1.385958863 0.9524713839
2.096982177 -2.94544898 -2.575301436
0.5934634987 2.616546908 1.994775622
-2.13933712 -1.052468857 -0.7706092378
-3.122449616 2.332678275 -1.875875141
1.183873741 -0.7716408233 0.05655772957
3.077368274 0.3414274837 -1.470221288
-1.23696731 -1.903958247 2.890503521
-0.9219237233 3.123712377 -0.9736640812
2.615829569 -1.552361025 2.590157287
0.9765983672 1.120381511 -1.966880934
-2.572329489 -2.696375029 0.7363777038
-1.591895468 0.5943352632 1.890928732
0.3888665991 -2.167234254 -0.0775526872
1.632764998 1.836619935 1.436187494
-0.3315614296 -0.262174008 -2.862411094
-0.0162120406 1.654239735 2.428081928
1.955543109 -0.07635686286 -1.099689488
0.07241476677 0.4300752108 0.5251189913
-1.913570924 -2.012576094 -2.240264277
-2.500871073 0.8855849436 -0.2037697481
1.052417543 -2.464991251 1.728661531
2.546336647 2.919883047 -3.135986278
-0.9997082304 -1.338905648 1.224737127
-1.553670823 0.1069754515 -2.442946954
2.755920506 -1.672229911 1.12087301
1.499378913 2.12842649 -0.4908966327
-2.799803343 -0.5586078779 2.212360414
-2.20905773 2.433798204 0.2247675145
0.515930672 -0.8670202381 -1.743712313
2.168572432 1.222097298 3.107896659
-0.5736200975 -2.790392356 -1.190700524
-0.5351245727 0.3680029823 2.813824383
2.22826056 -1.927099306 -1.485539626
0.579055277 2.26088742 0.1270928807
-2.174016658 -0.6971821902 -1.842154101
-2.761319791 2.590587122 -0.5896200032
1.559055069 -1.029970429 2.114404104
2.819057107 1.45874888 -2.737875985
-1.518617755 -3.020933786 0.8267108997
-1.034842274 1.810478865 -2.840961081
2.483310819 -0.2387063794 1.51899517
0.9928221989 0.6657935566 -0.1051421928
-2.539465561 -2.242133307 1.82652226
-1.948716963 1.146014726 0.6228897915
0.009376942084 -2.719307885 -2.141726557
1.895959737 3.051362781 2.722058388
-0.05479455633 -1.476543657 -0.8049459674
-0.369767835 2.893100844 1.338225917
1.57278775 -1.315587798 -2.961139684
0.3262198651 0.9575525431 1.596761402
-1.627414411 -2.539656636 -0.3724869842
-2.610523922 0.4558342841 -2.261713319
0.9166330918 -2.034891739 0.4423121929
2.553170839 1.581632454 -1.072099105
-0.9574546622 -0.001072816344 2.492489371
-1.201547143 1.24843908 -1.371690285
3.140107979 -2.814042768 2.988267557
1.243949952 2.362157175 -1.581138385
-3.084335994 -0.7919204257 0.350527472
-2.103904957 2.102999979 2.289038931
0.6562152 -0.5358518127 -0.4755788212
2.157046416 0.1791483043 1.050337332
-0.6111818416 -1.747840528 -2.476668615
-0.6886293509 2.190517268 -0.01728634912
2.038156685 -0.6202894371 1.928951202
0.7444492255 0.2911135997 -2.92651669
-1.995801859 -1.856725784 1.401992673
-2.976184573 1.529118282 2.603642127
1.332136427 -3.09782579 -0.8888481286
3.021265822 2.667475756 0.7267324976
-1.279042952 -1.100343202 -2.055524162
-0.8815524626 0.7365501994 0.04460598145
2.673629661 -2.318639569 -1.962223811
0.8268777251 1.886987748 2.904748938
-2.717129834 -0.3094604006 -1.386177897
-1.734068646 2.980606887 -2.637100491
0.2365120491 -1.400038144 0.9159820055
1.693198998 1.069506592 -0.7111034767
-0.2938173356 -2.648554613 2.033570653
-0.1675838842 0.837712073 -1.683471535
1.812387224 -2.414060929 0.2627676075
0.1113812517 2.767507759 -1.254783557
-1.854359315 -1.195744707 3.073727211
-2.445156236 1.701473673 1.134335285
1.094874059 -0.1266692723 -2.358156375
2.399690731 0.5814281184 2.202740768
-1.147583302 -2.154735579 -0.579517483
-1.404329556 2.481617146 1.716735343
2.901106968 -0.9178966317 -0.2900960407
1.458621536 1.374418657 1.23895998
-2.85722406 -2.933499368 -3.051968259
-2.269872604 0.05968758428 -1.161465979
0.4785741928 -1.621863573 2.391617922
2.310357996 1.977019653 -2.180784076
-0.4208846738 -0.4163944632 0.5638916454
