1.532750106 1107.183986 1345.130213 0.2320740107 73.62906169 26.79755995 50.93327547 17.07924884
2.40149505 763.989996 1068.570247 0.7973808374 189.4019347 18.89496928 30.5554906 11.98137164
1.828497073 973.5167248 1298.205855 0.4617015298 130.2149569 12.44223522 58.26348374 9.150755778
0.8372574378 943.5551509 715.3969489 0.5677349184 42.78814351 24.50058101 38.34344611 24.28740148
1.064531004 1071.451966 917.4836643 0.5946272315 39.67827052 29.70789451 52.95517646 6.267641727
2.026250992 853.5020806 1494.043941 0.4134408096 137.653292 17.07882367 43.82736297 21.56007012
2.203741068 1142.130879 864.1153403 0.6742459664 163.0669644 14.06322222 45.05020511 19.96267913
1.305476452 736.9251398 1146.923984 0.3338038536 104.2485494 21.47321016 36.38013887 14.70838981
1.350320021 996.4482927 841.2036069 0.3698431326 178.3334156 22.80559992 55.17265202 5.387704801
2.165537693 902.035503 1170.888574 0.6388109153 85.76293271 10.40537396 41.34633712 20.56386115
1.905091894 1097.888993 988.1279655 0.2994718051 54.92240077 18.41122894 47.49094027 18.38198224
1.179049047 815.2437837 1424.061871 0.7091638787 119.1467383 26.0500689 34.14437455 13.16767102
0.981710192 1187.522447 1221.169492 0.7567127675 148.3819698 20.67673855 49.6350116 16.1190521
1.677403314 717.8654888 791.4842151 0.2721560694 27.2030884 13.62815727 32.05872531 11.06054265
2.393226412 1024.070095 1374.537816 0.5363326378 91.77306691 15.07110655 56.71995834 7.650932036
1.54765899 866.6689939 1038.604172 0.4925179422 173.795256 27.98346411 39.62342123 22.67069533
1.63662525 1035.350734 1181.634001 0.6657519994 51.58402117 12.97488643 31.74928699 8.195765465
2.304127944 877.812336 805.0675608 0.3264728567 121.4354615 20.06261351 51.67301556 23.37101605
1.71170434 1183.91051 1434.416304 0.5861244669 197.4918603 28.61955931 39.06856597 15.57482768
0.9475427421 714.6045322 951.601664 0.4061187534 65.54436035 15.66822762 59.47201489 10.35961054
1.148587893 1086.532297 756.1298005 0.4326909527 106.7108954 11.04154721 44.96259428 17.67681694
1.935628512 804.2380081 1232.695787 0.5375612997 160.6101873 23.40264168 53.63629424 12.61799285
2.080203886 999.9841729 1002.858739 0.2030722313 140.8270939 25.39687254 37.04669354 6.0934815
1.435580239 905.4340262 1385.67388 0.767198278 36.52119551 17.79703055 46.20011386 21.11293031
1.234668986 1160.948411 1078.918575 0.5079167981 111.0593762 16.48415418 42.48158329 19.26170873
2.274474893 756.0936485 1308.610015 0.4629213225 63.00417246 29.07423181 55.85375494 14.16412739
2.006995868 1044.615195 726.1362724 0.7282881301 76.96412541 22.08978558 34.81091525 6.968000438
1.083861542 826.5280168 1262.075912 0.2425683904 187.1154746 14.71892437 48.64086298 22.10494185
0.8595223557 954.5621027 1458.304612 0.2903831052 170.6243622 19.51161917 33.25253656 9.699786641
1.806365782 924.4631755 928.6136247 0.7012558872 94.92755694 27.45318875 50.37473682 24.99314018
2.47510489 1133.883667 1111.575673 0.3607632304 24.73815743 23.90598956 40.34852712 16.52960867
1.459008109 791.0405931 875.6355323 0.6308939831 150.841655 11.80849321 57.92850346 11.27624463
1.478668473 966.196074 986.5145452 0.7758570086 101.1081656 14.38928269 38.78352198 13.97909347
2.455550364 936.2364093 1400.574631 0.2163724083 166.2128202 22.41942722 59.64107302 18.8426099
1.773001726 1114.511298 833.4389992 0.5555673052 135.2222133 28.78365129 31.11147897 22.290892
0.8927783454 771.3192131 1153.747834 0.4366805118 42.12580821 16.77473467 52.42680945 7.388626151
1.11670564 1149.449622 1350.855621 0.3881084854 45.93745336 11.51799148 36.99499458 24.39764874
1.974049986 744.2457888 1036.795082 0.5821483659 127.082147 24.19649133 46.60251701 9.652081113
2.254501964 1064.122747 1204.223659 0.3178275483 191.8433134 27.12362109 44.09144123 11.87204024
1.254741064 846.1747708 783.9153253 0.6524475241 71.19319731 19.84118687 54.15674309 16.57944972
1.4025275 1106.193834 1277.944323 0.6134773752 176.2263353 15.99779177 35.46245629 23.47826904
2.113356584 823.5467191 710.7592367 0.3573653398 89.3255299 28.28999512 47.87150502 8.692723308
1.955807839 988.1520498 1331.019869 0.6931887893 30.34347286 20.35311889 42.78219114 10.25205316
1.128307592 893.7373509 1057.586034 0.2776722899 145.2361146 12.68438101 55.67096402 15.07573469
0.927674346 1015.767161 859.6725829 0.2506311677 116.7053589 18.0876098 41.23524425 12.97884122
1.73146548 858.3641511 1126.858122 0.741012381 57.35826448 25.10629332 57.39432159 17.95924004
2.337699007 1195.820597 906.304545 0.4803514019 82.61362219 23.73228448 33.31796832 20.75116534
1.603160835 726.1617335 1479.737879 0.5113104038 181.4662249 10.71190445 49.95676981 5.809531733
1.580909622 1175.613776 749.2325656 0.3468247836 34.03037803 25.72049167 58.91599696 20.04519902
2.359869943 706.3058883 1263.299125 0.6826254679 143.3014101 18.74080613 37.57506145 5.260578282
1.657843405 1043.656037 1096.450358 0.4171145184 157.4224243 10.11486266 51.23291024 13.68419852
1.001378168 886.1157333 1316.764926 0.6123173689 109.8931428 23.09611119 30.37172726 18.50880489
1.199128914 1008.282815 1112.993792 0.5640655257 68.02487848 27.69287409 45.93606337 10.79608573
1.88511381 913.7307627 898.9275433 0.4439979523 195.0058715 15.36169661 35.84509925 15.77677997
2.132599626 1078.228902 1466.264568 0.7843464315 124.6142978 13.29850608 53.02146619 22.93362508
1.383158939 795.9327035 945.949737 0.2236987896 48.3887272 21.00638976 43.41025461 7.992287036
1.285190186 1051.942999 1439.445058 0.4894267645 154.0294174 24.83023331 47.20503853 12.42164338
2.223927374 833.8577257 972.2534992 0.5192227248 21.55590938 12.11258288 34.31257381 17.28484502
2.0593977 1153.627298 1192.227266 0.259715328 97.41837375 19.18555804 54.53570265 23.84865729
1.03148527 748.774445 818.7876977 0.7489157613 168.1500454 26.50697116 42.10098898 8.946076501
0.8037997993 1126.553956 1023.315667 0.7216088871 183.936639 21.76372511 56.66923268 21.59049403
1.862061967 783.7127916 1390.506916 0.3072553577 80.15942005 13.7727073 40.02679657 6.844020188
2.421262992 961.8813082 770.0448923 0.6418886753 60.523655 17.4083974 48.76288614 14.68010075
1.512875517 931.7842864 1243.484723 0.3869573483 113.5453657 29.37832082 32.57820108 19.38660417
1.497525181 1060.39408 796.3285595 0.5271536749 164.1370451 20.78204522 37.34835014 18.6852186
2.436690388 841.0880741 1216.643295 0.4832582761 98.98706654 13.50453919 46.01473996 13.50906158
1.847476908 1147.186338 1049.403927 0.7474347372 40.02539396 15.17641412 44.67556511 5.046314467
0.8183063806 739.6479079 1363.470271 0.2629586708 133.081979 27.85984693 53.80705501 20.26062516
1.016031124 1119.563605 1166.338275 0.3087406421 129.1812631 22.59840209 39.37116313 7.934341133
2.074721285 775.0134857 846.0232303 0.7183702962 48.07913607 10.59426092 59.28752434 22.99285006
2.209445922 970.7596803 1412.969653 0.3790313648 73.2675026 18.2040314 31.46137448 15.79689715
1.299800375 938.4654228 998.9035711 0.6480614955 193.9656892 26.23895615 51.84283577 10.77713318
1.367847412 1198.473521 1492.349778 0.683525168 88.61068616 29.91509235 40.64745468 8.847846277
2.14803989 730.3863068 918.9100429 0.3430000452 175.5568048 16.88993672 57.7476682 23.9457228
1.870489739 1018.907824 1139.274411 0.6038050948 144.5021249 14.27041976 32.96827845 17.42092773
1.213622424 864.0530373 872.0830664 0.4227016112 29.64931399 21.28432291 50.54088833 12.28428151
0.985963033 983.9618628 1069.971898 0.4525144868 58.09370255 26.69225328 35.10890225 19.67898579
1.673180061 891.1188248 1343.411943 0.5584831849 117.3982196 19.01858736 48.45914438 14.38655687
2.345349682 1100.539226 723.3405203 0.2228040561 182.1823454 12.33692765 42.19820852 6.589474436
1.595506942 820.4403234 1290.531603 0.7881755017 83.28168284 24.62419819 56.02084701 21.84376309
1.614347813 1081.446321 933.5613444 0.3511921978 141.1583494 19.61570514 45.3481996 7.290367279
2.326434969 801.4847225 1453.870346 0.6214036806 31.93264131 27.32834997 36.19842709 22.38794809
1.743573272 1011.011541 886.3441125 0.280911131 107.7748929 24.01007643 52.6718094 18.97870226
0.9156450323 917.8175151 1100.403984 0.6917032545 155.3439945 11.68365533 43.99446163 13.84176018
1.139598381 1038.077261 1304.150879 0.7377692886 197.1255913 16.27573565 58.56241878 16.87182184
1.944647611 882.8715466 1083.842331 0.2521119416 70.1020316 29.26189806 38.16261766 11.57846764
2.125360769 1171.500374 1250.880307 0.5174785703 50.53308608 21.88136734 50.64902508 9.39756386
1.390394578 703.5505248 736.8199348 0.4724207737 126.7105861 14.90659092 30.7216487 24.65092737
1.265915174 959.754891 1230.898237 0.2125430163 20.86441729 11.24996575 57.022548 15.25213875
2.243199118 927.1096497 757.464236 0.776752064 153.292612 23.21497543 39.43892386 10.07688764
1.986170849 1122.96311 1378.115469 0.4422631029 167.4778709 25.60529077 49.34709138 8.47848814
1.104715338 778.5502926 1010.930598 0.5470505204 96.70636846 17.609364 32.22853892 23.69370461
0.9040560626 1158.328696 806.3780382 0.5765615234 80.83031781 12.87080046 47.79258938 5.751557332
1.761802487 750.9276264 1179.811586 0.3966205092 184.6501141 20.18745229 33.95899384 20.81038075
2.467567417 1057.132143 959.6486107 0.6562719407 114.2354094 28.51547245 54.88561515 17.97936672
1.46657436 837.4752126 1426.833983 0.3169281701 61.26175852 15.7930655 41.5170913 12.95991739
1.44701699 1138.881989 1134.538697 0.4707786772 191.4789916 17.90478788 53.30847301 10.57380764
2.487224949 731.3416496 851.7242238 0.501821762 75.74868524 25.30986685 43.23952334 15.35935389
1.795062118 1068.691768 1481.463616 0.2411609616 44.88450661 23.54946285 45.634388 23.19465006
0.8706956609 849.3838569 904.8969612 0.7314580206 132.3593906 10.91547828 36.03051337 8.370969202
1.071766612 979.0659368 702.7860075 0.7026682826 135.5556307 16.12747436 51.52086477 21.09276541
2.019012116 946.7697738 1285.600933 0.2872175464 37.53528526 28.18106363 30.20188649 6.11236725
2.263274837 1111.267824 1056.154534 0.6230408886 102.1700227 20.48280237 58.6134311 12.67600548
1.245945899 766.7157955 1332.720688 0.3668630185 160.9486176 12.57545041 37.75952786 17.6176396
1.423550108 1026.227983 1026.014689 0.3272989614 86.47631163 11.38830889 49.04717018 21.96881142
2.092310874 871.3751019 1361.954162 0.6620007133 179.0042172 24.30542283 32.41201649 7.105295509
1.924363657 1191.144764 779.0897697 0.3976800745 119.8849165 26.9939376 56.37032032 14.26242433
1.159774066 723.0594589 1208.781424 0.5916381074 55.61251923 19.95011747 40.20759517 19.16469086
0.9354090036 1093.21716 1411.649214 0.546004945 26.46635851 14.57210461 54.81903898 11.53072366
1.72370772 813.1201661 975.7092878 0.427181644 147.6905531 22.21585369 41.9339139 16.27629196
2.2929669 991.2887125 1158.280687 0.7663764335 173.0831538 28.96647291 46.90701666 24.70080627
1.647915234 898.44758 828.5895333 0.2068282694 91.10079553 16.57116083 34.49432013 9.993397314
1.562153317 1003.683275 1398.084104 0.6327113776 123.5770688 21.57968249 44.37478594 24.15128054
2.378603145 910.491159 1015.275365 0.3776959768 53.68306179 13.97506014 53.98967394 9.288079571
1.692844395 1088.766018 1245.301622 0.7123291155 67.66683308 17.22435508 36.69698132 12.07964009
0.9663994693 808.8063251 768.7414408 0.2980597315 199.5662625 29.58067395 46.78426903 16.9822214
1.193647184 1178.826732 964.1890958 0.2689858571 158.4891845 24.95869519 31.39577139 14.96289749
1.890572438 710.8787883 1446.997525 0.7581205182 104.6352165 12.00243069 52.26063078 19.70937185
2.180875166 1030.755657 817.4595729 0.4986132286 34.38088642 19.31402082 38.48461823 21.26772657
1.33490569 875.5518513 1194.020016 0.5284750327 138.7266049 26.39681986 59.82187732 6.561223827
1.31998385 1131.260307 888.2505253 0.7936250497 63.69695771 27.56441221 33.60591447 13.38189662
2.189156812 786.8455837 1124.184264 0.2328956049 111.7947388 15.47184881 49.78692312 18.16651803
2.041679205 951.4510038 941.0330072 0.5732439052 187.7836321 13.1700433 40.93266978 20.38748566
1.049181473 918.8038533 1470.718189 0.4532582063 77.68034277 21.11654107 57.5787823 5.562879816
0.8518684438 1048.836854 1274.464869 0.4079268472 94.25812267 25.90453429 43.06918957 22.65054008
1.814016426 829.1780141 738.5314405 0.6030662322 169.9096147 18.5384533 55.50022683 7.66984636
2.416819452 1166.63449 1321.194392 0.33755539 150.1474214 10.29890498 35.16077232 11.11852663
1.517296765 759.2315155 1091.508949 0.6734196113 24.00409298 22.89375806 48.05691345 16.05986534
1.528784506 986.4640513 1255.954818 0.3018183507 133.4912581 16.82459034 41.128306 18.07620747
2.412075285 891.5457863 732.5137593 0.7068357855 40.9180286 28.86837814 57.29469392 12.86189379
1.816269564 1104.017558 1303.07344 0.372181797 100.1049621 22.42991522 33.454203 5.692262445
0.8428701103 821.8434321 1085.883418 0.6364537962 164.3320462 14.51276686 50.0856948 20.86841648
1.040650077 1194.140217 881.42718 0.5340003973 193.5454777 19.695506 35.59069418 8.575624749
2.043465405 723.9778394 1104.868548 0.4948683513 72.36384979 27.09077412 48.0070535 23.59538574
2.184879557 1013.598496 934.6018128 0.7543552203 46.95030745 24.09017814 42.68324967 15.19313987
1.331004679 856.668542 1451.791572 0.2744954502 128.9752431 11.44638719 55.56471286 10.13462797
1.339337768 1116.206955 958.5162632 0.4593640009 28.44358141 12.78855804 36.86698562 9.456553273
2.169905413 773.4878597 1428.832322 0.570090902 144.219201 20.42258687 46.46719747 24.59319651
1.899051162 968.3800091 811.3976412 0.2297263296 175.0596887 28.43292948 44.19015376 16.77467562
1.191704515 937.9167783 1175.462662 0.7997100661 87.63012871 16.02789208 54.26276531 11.67679612
0.9640936596 1065.825985 1379.113237 0.6766046669 84.49845573 10.69866979 38.888858 19.03800661
1.701686259 848.3510653 1008.796868 0.3314633194 182.4762238 23.6060538 59.73909846 13.78371498
2.367270226 1151.641146 1225.938604 0.5969583187 117.9063753 25.05430134 30.97684653 7.193536144
1.56694856 745.9337984 761.873845 0.4110915538 59.0852138 18.0007468 52.29948669 22.48596208
1.637251082 1155.826476 1417.306026 0.725939309 156.247603 22.99223464 56.56961893 6.648778785
2.296887477 750.5005745 993.8706778 0.244898759 108.1951459 10.04570454 39.91984452 21.78571789
1.720618022 1053.653899 1164.326598 0.5055758314 32.1386197 18.5975619 48.89179632 19.58215466
0.9452438971 836.0721327 847.1430741 0.4652807439 142.2872223 25.69009088 32.71445045 14.48457086
1.169142022 964.0881045 1044.932915 0.3630931687 125.8179099 21.01932393 47.34060081 17.47991715
1.921740897 933.5180864 1368.36781 0.6285458762 50.12385122 13.42442689 34.44079779 12.22655065
2.095764538 1128.272467 798.4001465 0.2927383769 69.90698623 15.41399846 54.4294368 8.750700057
1.413352869 785.9348765 1215.584172 0.6989187818 196.0077372 27.78003758 42.00206232 24.04405128
1.242337412 1041.434001 721.3837989 0.5884642802 96.41244579 26.45741582 45.80072992 15.89403376
2.273421 884.3972034 1291.694147 0.4037604854 166.2611395 19.10114121 35.7171041 10.67881431
2.009696832 1173.880017 1074.363226 0.6681019738 152.3010592 12.10178487 53.12750322 7.875342257
1.074545841 704.0990808 1338.421751 0.3241413347 20.35630582 24.7064488 43.50895244 23.05059038
0.8738380305 1076.014446 1141.388746 0.200715824 61.54464088 29.52370135 59.01400859 5.143155213
1.785383694 794.2218215 871.0788511 0.7695365189 115.4411862 17.44093435 37.68041139 20.16260156
2.497734278 1006.556644 1487.921514 0.4303621499 185.6306273 13.87933051 51.10560218 18.62592371
1.443045337 911.5315958 923.8624893 0.5399082711 81.32747548 21.83562974 30.23708001 13.56709732
1.476408437 1095.720362 813.2021539 0.6955280349 131.4228016 24.41105241 49.52851726 11.17794519
2.464476914 813.548141 1199.143331 0.2753145896 44.51924959 12.3971813 31.95956927 16.00162903
1.765722247 994.7679386 966.0836272 0.6158279173 75.50972641 18.76668336 56.85575 22.55359413
0.8933911068 899.8515828 1445.773577 0.3550332502 190.4051147 26.7918737 39.7518737 7.768050861
1.094517282 1021.893785 1249.424318 0.477994418 161.896161 21.50109325 55.30133382 20.44658974
1.98962371 864.9657404 763.4826876 0.5136492213 102.54632 14.21386696 41.48235722 5.504958592
2.240575541 1185.834423 1396.249399 0.2483029416 37.78519791 17.14546409 47.39155579 13.28463633
1.275282325 715.6739503 1016.55995 0.7433587758 136.6405472 29.81917158 34.03765088 18.26503746
1.393172991 975.7082745 1323.143879 0.5532178985 55.93933651 25.98556479 52.82763912 21.3649774
2.11604468 945.2431344 1090.327702 0.4390114659 121.0467377 18.30208803 43.69248734 6.462713853
1.954792958 1108.887258 1270.262406 0.7735166276 180.0286646 10.38023753 45.14844513 14.9037838
1.135989089 766.166257 743.6974563 0.2187312441 86.92951292 22.65770169 36.48571808 19.76730268
0.9116725624 1144.314788 939.2410509 0.3201569278 90.76296007 28.11449654 51.03908312 12.1765955
1.754081797 738.6055349 1472.057682 0.650099976 171.9104003 15.07953946 30.65395994 16.88400744
2.316755727 1073.14759 892.4159698 0.3904643159 146.6550868 13.71982202 58.12837877 24.09187159
1.617489378 855.6707607 1118.980419 0.5798107017 26.0022242 20.72392877 38.21568034 9.346306268
1.586509425 1046.33374 1051.072741 0.2573783757 199.1900067 15.73243139 33.15336672 24.79776168
2.347603625 828.7500681 1337.008209 0.7512711683 66.71924535 28.72839021 50.26825639 9.895183351
1.66843671 1163.155233 704.0522642 0.4870785067 52.59818954 20.08805996 40.47699429 11.47131471
0.9974515788 757.8274224 1283.735717 0.5215525301 123.3271146 13.123085 58.06428032 16.33451866
1.22464407 1135.594534 1486.70288 0.6442479435 139.0919062 17.66629845 42.61758948 14.35967516
1.866213289 793.2550337 900.767722 0.3846162464 35.31743385 25.38874965 55.98245054 19.06618088
2.149826907 956.7612547 1133.235361 0.7239394065 105.709135 23.3106669 34.70420639 21.90969773
1.35931682 926.1893312 853.5516463 0.3049066696 158.728099 10.99405665 48.54146381 7.163226344
1.297858522 1182.184366 1159.492036 0.4194616228 78.85313783 14.80815249 44.82773244 12.73510955
2.21792545 712.4053392 826.6815685 0.609988717 188.1214233 22.13452963 53.50874299 17.55971838
2.063752349 1033.136312 1406.512513 0.3491628893 112.2589174 29.20282761 37.15225806 20.99550512
1.020464005 876.1014205 979.9540602 0.6802689075 64.73238243 16.49014091 46.29836868 6.210886687
0.8231024405 998.2503879 777.7437337 0.7820147766 22.84231611 11.7809106 31.84777024 23.25406862
1.836144793 903.2272448 1210.553891 0.2260486132 149.8205625 23.75565469 51.7788094 8.312732894
2.445533069 1084.310227 1031.211252 0.5617073929 169.456455 27.38623846 38.9407854 10.47686169
1.495220176 802.5195117 1357.769967 0.4463379188 93.23363097 19.40004162 59.33692463 15.45755839
1.509791512 1188.926508 1003.979345 0.6061642244 43.78518011 10.80885507 54.7136891 16.47184003
2.431090571 721.3447763 1383.662964 0.420360934 130.7285522 23.47755823 41.83590232 11.33519612
1.851403484 1024.498012 751.0976687 0.685855826 189.6903521 25.16448632 47.04166386 9.79815349
0.8077130874 869.1721343 1237.032922 0.3406509325 74.84028777 17.87225094 34.62162813 24.89603247
1.034931632 989.0628455 1433.357942 0.220466098 103.262531 12.58624842 49.17516528 6.909916718
2.049206142 896.7252195 953.6740124 0.7905316284 162.5643015 20.60658688 32.54734989 22.16420783
2.233288052 1091.47957 1186.532301 0.4501672348 137.3758934 28.23061896 56.27162254 19.35976064
1.282573081 810.9095281 800.5973101 0.5608122705 38.47797746 16.21189119 40.1015582 14.06733403
1.373849348 1070.902366 1106.586242 0.7451029258 118.9462436 19.89781562 51.39264073 5.995420124
2.13537154 851.1214576 880.027622 0.2653089369 53.79901167 26.90677412 30.06632416 21.20973313
1.881510991 1140.604301 1459.467918 0.5247956986 84.85381892 24.29248866 58.71235781 17.73489105
1.209267788 733.5675352 926.6576648 0.4855977999 177.9076574 11.26238808 37.86579377 12.55873648
1.011880195 1113.470832 731.0894802 0.3813774813 173.9847961 16.71440506 53.41542511 15.47647029
1.653877432 768.4457556 1257.64841 0.6457335453 92.8854157 28.9968737 43.33913715 10.45670878
2.363005036 980.7806679 1077.915122 0.3110797357 28.10124839 22.31973024 45.49813857 8.253543712
1.571236853 948.9880114 1310.725112 0.7160130341 148.7966884 14.64126272 35.90160314 23.31205495
1.60542125 953.1580711 866.157189 0.4399062665 66.046979 29.63266592 42.97116408 7.552574649
2.328695018 920.9839765 1145.847306 0.5493889043 198.4779203 17.31121808 55.39489076 22.76779357
1.742960523 1133.455659 913.1782502 0.2102146426 122.635713 13.98829479 35.28809513 16.17683034
0.922924498 788.537422 1499.119213 0.7790988924 51.86146401 21.70591317 48.19154595 11.00158155
1.12402467 1168.333947 1296.127842 0.6586121831 36.00755868 26.2538855 33.74123407 18.28392087
1.966835957 761.4039609 716.4381787 0.314569759 139.8301016 19.28392051 49.91493213 13.26447384
2.104819495 1051.024588 1349.595539 0.5789110687 159.398917 11.89825365 40.82664751 5.44577891
1.404321015 830.862182 1063.654076 0.3942891303 106.4225196 24.88922721 57.48006972 20.50460478
1.263227065 1087.081809 1370.189653 0.2832406402 186.0030815 21.22285426 31.26022297 19.90459541
2.252553639 806.6186023 1043.624537 0.6893552907 76.77462684 13.24164759 52.13239294 14.76765579
1.978489365 1001.510782 1223.168592 0.3535478987 62.58941226 15.61752968 38.59086933 6.36569364
1.105730206 908.7917211 790.3526291 0.6190664321 110.1612604 27.59725917 59.92081873 21.46327676
0.8814397586 1029.063859 992.5383359 0.5151301784 151.9650025 22.88327007 44.47441354 9.092987143
1.777804258 873.3564879 1419.103 0.4747509992 24.93869631 10.17542081 54.09661213 24.34635296
2.453238861 1176.646658 839.070639 0.7354278928 95.35327096 18.48859763 36.56805639 17.17761569
1.487517652 709.1717024 1171.887103 0.254471506 171.5335176 25.81980744 46.64803441 11.88426394
1.454257444 1017.170208 1464.400113 0.4000090249 41.65612709 27.92679721 35.00310847 14.5816293
2.486599129 861.8424254 947.2167552 0.5892907023 134.1812861 15.28799167 48.36066118 19.48389336
1.797360976 1196.24762 1117.282075 0.3296552211 165.0455063 13.5321218 42.33329874 21.64838694
0.8617819662 728.6639798 893.8465118 0.6596629061 100.7758555 20.93238009 56.14862753 6.784868725
1.08565424 1098.809281 1098.278542 0.764027456 71.65183812 26.11036036 40.77500587 23.7504811
1.998457974 818.2373296 1315.462352 0.2091590805 192.8732862 18.19804467 57.88252998 9.043069836
2.285502194 981.7436401 745.1040879 0.5436641349 128.2384213 10.5050328 32.87002369 12.47983171
1.230385259 889.4041086 1268.53915 0.4295406228 46.25880966 22.55365804 50.43532387 17.22539755
1.424603988 1148.901035 774.2904261 0.2388035486 146.3154843 21.37629768 39.24246747 22.87542729
2.084642461 741.8661791 1238.348784 0.7337969812 30.58792453 14.31791032 59.1515181 8.051743973
1.93367937 1062.597063 1021.408464 0.4684508802 89.70726674 17.02066882 31.56077371 10.8942523
1.157073089 842.8180602 1391.719027 0.5041680137 177.1794041 29.92321523 51.94954469 15.67979624
0.956391104 972.4820259 1188.043833 0.6253805634 180.3977875 24.59875174 37.45483062 13.62631507
1.709392032 940.6912749 823.9850223 0.3645051751 82.3801887 12.18872909 46.11390986 18.56794689
2.308929659 1121.774228 1441.218287 0.7050183956 56.98746065 18.95438358 44.5397882 20.14368009
1.625285859 776.7510603 970.9082246 0.2848855998 115.7633089 26.58342239 53.67858779 5.163279474
1.551573095 1125.150818 1203.000472 0.5709126795 108.8632116 11.59199057 47.69411998 20.69328189
2.382568733 780.2344866 785.8106181 0.4556078868 156.9637393 23.9628862 33.85318615 5.868673734
1.68723171 961.454314 1355.979697 0.7912664877 142.9800981 27.19731754 55.01338097 13.07732228
0.9786269915 929.2821286 1032.538424 0.2352357144 32.87406214 19.60727224 41.65219632 17.86194123
1.176432759 1059.327521 834.7243458 0.3399020653 49.42969872 14.93172735 57.15742369 10.19385537
1.914453377 839.1670248 1151.91389 0.6710911024 125.0839373 22.02926558 39.56646125 15.13519162
2.155346951 1160.035796 981.2565535 0.410265382 195.3382232 29.32640217 49.24151212 23.57643561
1.353767188 753.1077161 1404.698089 0.6007095288 69.19214819 16.38487656 32.13029886 8.595739584
1.315616143 1008.831432 911.4713222 0.7146888129 168.3835204 17.54272358 58.42639874 11.77386405
2.200139052 916.1104628 1475.536177 0.2957184866 98.48676683 25.49401371 38.03393592 16.67644305
2.029023724 1079.754497 858.4920973 0.6350414678 22.49800362 23.18709234 50.75574869 24.45583707
1.055222217 799.2893851 1128.80837 0.3753474317 154.4001796 11.099321 30.82103312 9.592633639
0.8275854859 1169.327914 1325.816785 0.4962758472 113.3009583 15.92135143 45.44735558 22.19242055
1.831632971 701.8510534 1061.75224 0.5308305828 59.44424374 28.5211587 36.30492138 7.485915348
2.397529895 1036.393078 1279.284577 0.2666380284 79.2063928 20.27698088 52.54335699 14.03698638
1.543252938 880.6837977 708.9680418 0.7604501804 183.5548579 12.91585438 43.85867002 18.78345843
1.539260202 1037.561577 949.4110741 0.4278851639 128.5255426 25.50891206 57.1927255 23.23751274
2.394983308 880.526685 1463.471518 0.543264379 47.37814259 17.52767321 41.02633713 8.335392252
1.835216272 1170.007651 896.3359095 0.2075873066 72.63899481 11.1532826 50.09977304 10.53125918
0.8305397339 700.2286239 1116.644339 0.7635437291 193.2918977 23.13297752 33.4682808 15.39461594
1.057759888 1079.884902 1312.9709 0.6612394029 164.7611447 28.57526882 47.96276688 12.79912012
2.033020513 798.0941867 1098.910718 0.3301247882 99.65378374 15.86739453 35.54640711 17.50669418
2.19717913 1010.427162 1266.339319 0.5909322875 40.66623757 12.93090006 55.63829681 20.96933624
1.312040137 915.4040188 746.0305803 0.4004137898 133.7654295 20.26208723 42.75683317 6.223627869
1.356831839 1159.767567 1239.278709 0.2864539405 58.80955379 23.93822577 46.45220728 14.30527752
2.159027673 754.4397556 772.0932655 0.7054964004 118.1594404 11.61680296 36.85199588 19.12912348
1.911809572 1057.594928 1392.353874 0.3661549119 182.9260959 19.54355095 54.36564568 21.92625346
1.172329823 840.0112561 1018.920445 0.625776886 84.07079225 27.26119198 44.29303458 7.140567135
0.9749405956 960.1489821 823.3507194 0.5025229953 87.88243473 21.96538629 59.66642646 24.82393041
1.684174354 929.5770585 1190.535901 0.4680403933 174.7860323 14.99545349 38.81618645 9.882442318
2.386662752 1124.333287 969.9823 0.7322147623 143.7899309 16.36005932 52.34286136 11.407304
1.554220952 781.9937871 1443.416039 0.2383305483 28.89458815 29.35106745 31.02022165 16.38754301
1.629909281 1120.147983 786.34822 0.5988493627 196.4573734 14.34257437 39.87646985 12.11243235
2.310848853 777.4269821 1200.414374 0.4094932629 69.47908672 21.3514816 56.52624381 16.93718422
1.705191065 972.3210985 1033.565631 0.6691472514 49.84881349 29.98694252 32.78712245 24.11819305
0.9540513305 941.8559585 1353.880557 0.3392139172 126.0715973 16.9567883 48.96446787 9.333412498
1.155153085 1061.886804 1150.890697 0.2371748425 141.8581882 12.25260476 34.33791742 21.38138069
1.929068107 844.409975 836.8240424 0.7919687957 32.58986248 24.53502929 47.23771999 6.440207083
2.086971696 1147.702022 1404.16109 0.4574819267 108.4468297 26.60823362 42.01705252 14.8495389
1.428807387 741.9927696 983.8466175 0.5716797896 155.9733244 18.92972438 54.44442655 19.83009255
1.227948053 982.5916861 1478.122807 0.7623974647 81.6030282 15.27309678 35.64352015 20.42026842
2.281190836 887.6753303 910.9316535 0.2673318986 185.3774549 27.94184405 45.72714642 5.517852213
2.000487355 1100.145135 1130.905396 0.532696471 114.9913784 20.87842435 43.55323906 13.34879963
1.090374893 817.9729146 857.4654706 0.4970513996 61.97236873 13.58623069 53.17179029 18.21186053
0.866082786 1198.010735 1059.649666 0.3734768251 20.10410709 18.14393109 37.66633314 11.23219024
1.799800614 727.8502633 1326.841321 0.6342800798 152.5748229 26.1643208 58.9999308 15.93883902
2.481877666 1017.468953 706.3792728 0.2937850805 166.6903453 22.53860651 30.33904843 22.53719099
1.452240223 860.5409081 1279.818746 0.7139899382 95.96137468 10.51993238 51.20757105 7.790557481
1.485386075 1178.305326 1381.464671 0.5589463834 136.2129883 13.25665684 31.91619862 5.079144649
2.448831064 708.5243899 1004.904299 0.4493916836 38.23518004 21.20799823 49.48514527 20.21562576
1.779513367 1029.257211 1234.539931 0.7885843452 102.7996614 27.65132928 39.82454256 18.65209259
0.8862681484 872.2204136 751.7313831 0.219772229 161.6207827 15.56361159 56.92841752 13.55435614
1.110142056 1002.131394 956.1618723 0.342584342 190.8560115 10.22934373 41.37947372 15.91058964
1.980612025 907.1063453 1432.721744 0.686554704 75.08035168 22.82919511 55.19844898 10.65615496
2.247732545 1088.191176 802.7931668 0.422231544 44.24531156 25.83466832 34.0526451 7.820944767
1.261512282 806.3985508 1185.602168 0.6069256159 131.6748313 18.47358353 47.40654867 23.11353283
1.409246825 1050.266188 879.1001596 0.717956884 25.74871119 17.28643967 43.61889937 17.45374842
2.106639007 832.6844213 1108.785532 0.3117678827 146.9302936 29.65729119 52.7540525 12.23929169
1.96231796 1167.087739 926.0248996 0.6475937104 172.3384742 21.64207151 36.53000783 8.81471077
1.121795875 761.761837 1461.958448 0.3821495993 90.31349292 14.05198449 45.19273622 23.99102693
0.9211122818 1131.66012 1258.284795 0.4837237567 87.20362261 19.2202355 30.63988483 6.703176424
1.738029039 789.3225293 728.5999231 0.5240285851 179.7768065 26.31772246 51.02500934 21.72277529
2.330927865 952.8269025 1311.6535 0.2633698054 120.5953259 24.86460663 38.31764474 19.56559893
1.60993033 922.2568844 1075.719499 0.7444006145 56.36819625 11.92302737 58.23034451 14.50723007
1.574401134 979.6407789 1145.311821 0.3926393924 159.1555935 26.93154907 50.16629199 19.02160332
2.366383319 949.1775481 868.745739 0.5785147449 105.2590884 19.87319389 33.05140098 13.80622175
1.651122598 1112.819705 1498.094506 0.3130014172 35.06419979 11.32622389 58.07835544 7.247781046
1.008094238 770.1006092 915.2794607 0.6581341771 139.3673918 24.22880488 40.49106807 22.42317222
1.205901664 1140.380435 717.4638711 0.7806811079 122.8762822 29.06056218 55.93816079 9.520716425
1.878345899 734.6730873 1294.030216 0.2106876396 53.02762864 16.65056456 42.57329838 24.54001972
2.139159929 1069.213175 1064.193191 0.5510339193 66.99307609 14.66588914 48.61505178 16.74835416
1.376593645 851.7382553 1347.007927 0.4403167501 198.9378697 22.2949506 34.77779302 11.68968989
1.278676734 1091.841261 1041.034254 0.256043281 93.48703669 23.46254537 53.49374877 8.521379698
2.230435785 809.6671349 1370.725336 0.7359116208 169.181141 10.82371479 44.81273957 23.65817575
2.052681655 990.8888995 788.2515691 0.4764064591 149.392553 17.81817483 46.40125218 15.20954302
1.038206102 895.9706345 1224.191614 0.5155299354 23.29184763 25.21841047 37.2551429 10.11212135
0.8105677871 1025.774734 1421.20154 0.6174248504 64.45838002 20.55266757 51.70614053 18.10252879
1.855289293 868.8447804 991.5101953 0.3531431371 112.5108827 12.64031969 31.77510272 12.84900017
2.427828261 1189.715429 1174.472219 0.6877787972 188.5727707 16.19703632 59.38029528 5.628099144
1.506315188 719.5530518 838.5324843 0.2827710764 78.42421371 28.24562699 38.98415739 20.92159342
1.491016681 1083.141732 1198.216827 0.7414206479 38.9074407 22.14942917 41.73279262 22.24803893
2.443203726 802.6766198 815.4019967 0.2475999173 136.9250798 14.79310092 54.61057984 7.42419349
1.840755961 997.5706467 1445.141365 0.511774179 162.3121886 16.54410131 34.63684676 14.02165139
0.8250223366 904.8496772 968.5751155 0.477228022 103.5363805 29.14871398 47.05688294 18.80733838
1.022803887 1033.005902 764.120388 0.3568947049 74.39022249 23.80976362 32.50374589 11.74891599
2.067953411 877.2966217 1246.934956 0.616598464 190.1178225 11.7269549 49.13156172 16.69040475
2.216006364 1180.588639 1017.488533 0.2772571543 131.004019 19.4150885 40.17445863 24.52106845
1.293235195 713.1117785 1394.055092 0.6962177576 43.53192192 27.37134362 56.34452342 9.540829957
1.361334149 957.0294817 1088.129961 0.581680022 149.0486296 28.70373096 30.05201748 10.20919051
2.154548465 924.8572963 1324.069792 0.3912272787 27.82722721 15.75724259 51.37833361 15.11131153
1.863773758 1137.327131 741.2054241 0.6520346707 92.45646745 13.05936251 37.96799152 23.52081738
1.220343345 792.4107996 1270.896673 0.32085423 174.4361247 20.15193559 58.81455512 8.657461293
0.9927308309 1164.46057 1474.545737 0.2167829573 177.6323622 25.32486917 43.26532477 20.62805066
1.666407222 757.5324898 938.6061683 0.7728234716 85.10724878 17.73002578 53.34161229 5.920477267
2.351914888 1047.151269 1121.177591 0.437146578 54.24856197 10.96924061 35.94611909 13.1022705
1.588946524 826.9907723 891.4860323 0.5524416298 118.5182583 23.33533099 45.54265408 17.84797939
1.621065479 1074.773837 1334.418109 0.3033291725 105.9931636 18.32675327 55.3503748 13.65141572
2.319715757 854.9948342 1051.609775 0.7234705558 159.8498379 25.96074753 42.92664858 18.5538326
1.750085103 1144.47571 1281.636009 0.3829756638 140.0821501 22.72142779 48.26535833 20.07829612
0.9091349999 737.4408541 705.0754696 0.6438424645 35.73364479 10.31635821 35.36190796 5.215235744
1.133034733 1109.597512 902.8668508 0.5232067004 52.31142201 15.14341393 49.81273438 22.8199615
1.951209562 764.574345 1485.675685 0.487479835 122.2081354 28.05077529 33.63903676 8.113313243
2.11859116 976.9072903 856.1377093 0.7528442286 198.2025178 20.7487412 57.49437639 10.90943471
1.397165631 945.1165393 1132.697795 0.2578605279 66.30030157 13.69516162 40.84095463 15.65606888
1.27263436 1184.986374 826.1474356 0.4479842234 171.2816407 12.38228761 52.05949252 23.81586492
2.236481426 717.4027332 1162.080769 0.5621163052 95.62735651 24.42609806 31.18732209 8.991113715
1.992680958 1020.557936 978.929536 0.2276295435 25.36753727 26.73791677 59.96442273 12.45473091
1.098203583 865.2301527 1408.615075 0.7824893493 151.5135667 18.82079344 38.63447288 17.23951198
0.8974941378 993.004828 1211.58053 0.6787015693 110.4364913 14.15975219 54.0813935 14.56644675
1.76836616 900.6652965 775.6466955 0.3486841703 62.33591802 21.55505488 44.45919447 19.50762087
2.460796288 1095.421614 1358.309671 0.60833798 76.32518383 29.80412124 46.75114411 21.70385258
1.473343893 814.8496629 1028.624585 0.4190660166 186.4311741 17.16036247 36.67116565 6.723299604
1.440300933 1004.897971 733.4438562 0.272914521 46.71007121 19.11614927 48.31614121 9.117935207
2.493945794 912.1789111 1253.758997 0.7538806487 127.8094114 26.44256098 34.95858983 24.33239127
1.788548679 1075.821098 1086.519605 0.4932220478 192.5990263 24.7605201 56.22244304 17.11238431
0.8772040593 795.3578912 1300.585592 0.5335914861 71.90354601 12.0478656 42.40711559 11.93606762
1.078331893 1173.259407 1104.234822 0.6381045366 100.3479319 17.49485847 57.78033536 19.84897703
2.012451775 705.784452 883.9201823 0.3725774067 165.4951236 29.4696252 40.67281259 14.82937764
2.270042812 1040.324629 1450.866581 0.7084031271 134.4349493 21.85048942 50.44962653 6.38102863
1.239173238 884.6172577 936.8001416 0.302297073 41.38107058 13.86431761 32.88432769 21.43939681
1.416829288 1129.030871 1431.02798 0.4127321353 116.0370539 10.02092494 59.0786217 18.3491521
2.099026956 784.1126344 957.5878397 0.5973637966 56.73523778 23.0168611 39.16956972 13.21267031
1.917855183 965.3343095 1177.952231 0.3330408154 81.92909881 25.62625041 51.99314556 5.420830697
1.16628743 933.160215 810.7612446 0.6770735165 180.8269691 18.66125042 31.60437324 20.51856663
0.9419693199 1055.449436 1006.30635 0.7981370024 176.9262559 13.36074308 46.09868811 7.537239511
1.717142413 835.2870301 1379.74599 0.2292441741 89.98283824 21.08315971 37.43960752 22.79167367
2.299739637 1156.157649 759.6745908 0.5684367284 31.01567652 27.75541581 53.78170151 16.23244857
1.641147335 749.2276638 1226.866031 0.4589626692 145.8656953 15.43877337 44.64290058 10.93985984
1.56866345 1152.78103 996.4582786 0.696984086 68.74099392 20.44736063 33.75007242 15.53193608
2.372091416 745.7442645 1416.766922 0.2920410736 195.7673404 12.76393751 47.59100759 10.39513951
1.699563708 1066.477115 849.2406651 0.6266765548 125.3581329 16.09172909 41.66741808 8.23836131
0.9596819048 846.6962071 1163.300942 0.3623302048 49.17792646 28.3692445 55.02860407 23.33578231
1.18687603 968.6038781 1366.266564 0.4671456285 33.3018785 23.66974346 39.52286038 5.970319472
1.897341945 936.8112216 1045.957658 0.5063520968 142.5303734 10.6348281 57.11382416 21.22384742
2.174313114 1117.896141 1212.99561 0.2468470424 156.7101404 18.02537203 32.20319526 17.80027501
1.341469237 772.8710648 798.9356428 0.7266324617 109.1383325 25.02952289 49.31440987 12.50678021
1.326495504 1013.23681 1292.232314 0.5417833146 183.2811773 28.85336408 38.01963327 6.925099269
2.182646602 857.9109323 718.7986702 0.431128547 79.45868004 16.83945125 58.41209474 22.14048032
2.048396795 1192.31416 1339.449927 0.7714746479 59.89522634 14.45869194 30.92322774 19.304295
1.042462185 724.7324291 1072.26465 0.2014188495 112.8716694 22.48383818 50.85794197 14.12890315
0.8450990121 1102.740833 870.0558648 0.3221987734 154.6532635 27.036856 36.23110587 16.40645621
1.820787656 822.1707906 1143.489771 0.6674122544 22.22236775 19.74957608 45.37353873 11.38715224
2.41025588 985.675134 923.3268186 0.401899034 98.05912213 11.43153112 43.90319 9.823254291
1.523858791 893.337508 1490.511785 0.5876937369 168.8334167 24.10518736 52.58787562 24.88191804
1.522013415 1164.888545 851.0865174 0.3685046002 103.9950337 15.53572373 30.51097465 21.60582906
2.41884483 760.0356916 1137.028053 0.6234456502 163.3421738 27.50068931 50.88875997 6.820140276
1.809707652 1048.555272 903.9683722 0.2887940399 138.0813631 21.14135304 38.41725849 14.62448241
0.8494338211 830.4699983 1483.657917 0.7031378463 39.22880605 13.14538455 58.33729656 19.44832606
1.047160147 950.6201202 1286.527432 0.7298862455 43.06225052 18.5631169 43.72516522 12.35641196
2.036953637 920.5230985 700.5861588 0.2406772336 129.9631015 25.87971747 52.85297915 17.33664867
2.19159873 1129.941623 1333.352894 0.500166302 188.9505203 22.9574858 36.39444555 23.87360532
1.32428695 787.1004583 1053.66304 0.4703789202 74.05792411 10.23502521 45.06451224 8.932114765
1.332568197 1031.479263 1359.4661 0.2052460538 173.3676998 13.92094729 41.2734367 10.85170392
2.176676478 873.9389594 1026.649565 0.7659034366 92.22304637 21.63364338 55.09975115 15.71505822
1.892487527 1180.039101 1206.584246 0.425536629 27.45643243 29.56562167 34.18797855 22.9182899
1.198266503 710.7312133 780.0197013 0.5455944614 148.1065887 17.23925421 47.53454383 8.016167097
0.9706054525 1090.405617 977.9070221 0.5932878453 119.5976377 11.98753625 32.04350668 20.02025085
1.695176214 808.1094188 1410.723295 0.3980763983 54.49302336 24.97374278 49.61979252 5.274540167
2.37398788 1003.85755 831.0815595 0.6635690551 85.48899736 26.34286366 39.72653093 13.74942979
1.56022931 909.3054983 1157.646414 0.3277769674 178.5854427 19.36812896 56.82306759 18.45700139
1.6438163 992.5768821 1013.176242 0.530349076 36.77460391 24.3595322 51.56990586 13.04422522
2.290327097 898.1621832 1399.111304 0.4993803421 140.5517772 11.33435154 31.64617773 17.90728381
1.727385857 1094.017521 766.1553837 0.7600596497 160.1821805 19.9651639 59.48723353 20.72606472
0.9384710709 811.3704061 1245.839194 0.2696881684 107.1604243 26.9790444 39.08378505 5.823646057
1.162426028 1191.395824 1449.58763 0.2961158816 65.27036063 22.23075159 53.59269024 23.4630866
1.92846178 721.7369599 963.6520676 0.7116409685 197.743823 14.55705348 44.91899072 8.716450632
2.089251238 1027.943414 1196.119731 0.3758358117 121.8868116 16.62512287 46.27301428 10.30751891
1.419861432 870.5404036 816.4363734 0.6319392595 51.15509437 28.91235884 37.11959442 15.01416538
1.248897868 1111.124063 1123.157632 0.6714862019 151.2691468 25.24598831 55.83944826 24.4227495
2.266855858 767.9319785 890.3475694 0.336856512 24.2881136 17.96851447 42.46727617 9.63796664
2.016469633 977.4568596 1470.17849 0.6011956222 94.6743202 10.8906603 48.74306073 11.80665638
1.06777798 947.4971949 943.6196797 0.4071654558 170.8998506 23.57412769 34.91311256 16.6314058
0.8671170715 1067.509922 739.0655793 0.4551240934 186.6646395 28.15640364 50.30092444 13.92362786
1.792099612 849.5619467 1271.876142 0.5740194565 77.39356719 16.1522875 33.17872373 18.90417906
2.49122574 1138.188897 1092.533479 0.2348428881 63.27800052 12.51172867 57.97301942 22.30607459
1.449558662 732.9850637 1319.091836 0.7943189187 110.8072418 20.54667607 40.39304263 7.364898678
1.469844827 1055.876397 1217.277015 0.6499321021 70.91753999 23.27866316 59.53795929 9.765018057
2.471038928 837.7892187 793.8355513 0.3797927529 192.0963758 11.18612479 38.68040959 24.94133653
1.758952803 1157.560758 1364.395256 0.7203037024 127.5320219 17.63399117 52.4420312 16.50466064
0.9001622992 752.7059957 1047.205592 0.3094395168 45.5097872 25.58051158 31.12670207 11.29020637
1.10123491 1122.622404 845.0931273 0.2610113865 42.3781169 20.21222679 46.55891614 19.2463737
1.982904435 779.7793306 1168.53409 0.746740867 134.9485542 12.84617798 36.95139505 14.1880073
2.247087207 957.9498142 998.2673787 0.4813923879 165.7835528 15.85690176 54.2296395 7.02361878
1.268772153 927.850887 1415.457495 0.5263781225 101.5591697 28.45178941 44.16433898 22.04321995
1.386610901 1171.733781 921.4005552 0.7862363735 181.0165217 27.2744314 47.85720237 17.70176511
2.122608214 702.4278029 1491.717019 0.2221017482 83.04146001 19.66977686 35.44815229 12.60403097
1.948021791 1039.775985 874.2823146 0.556609145 57.63340682 11.66879971 55.77315864 6.028250232
1.142758559 882.2375865 1138.346978 0.4517473767 116.4517815 24.025084 42.88438442 21.1647338
0.9183919128 1012.160963 1341.216279 0.4245617773 145.6652104 29.24688565 57.32050608 8.140147272
1.747364245 917.610816 1070.900316 0.6045772139 29.89229714 16.29059611 41.1614274 23.43273779
2.323265874 1082.106988 1288.042028 0.3449438963 89.07373618 14.85251436 50.00128979 15.59016285
1.610977687 799.812699 723.9769109 0.6842133161 176.5005093 21.93529075 33.36248696 10.33573048
1.59328215 1102.313781 1455.971598 0.474065792 48.66427723 16.9438589 37.53054148 16.13423454
2.340835688 819.6685713 932.5366072 0.5178890573 124.3611281 29.86101694 58.87147833 11.03681533
1.674996989 984.2720542 1102.992552 0.2536941605 194.556061 21.29918452 30.44554277 7.595466282
0.9908862595 889.8592645 885.8086221 0.7382422889 68.45260901 14.25540611 51.30672709 22.73226464
1.218135608 1019.645246 1081.254736 0.6901349138 109.6409414 19.03359616 35.74290463 5.322320797
1.87272669 862.2441458 1304.689989 0.2804331262 157.6961907 26.6773965 45.83387009 20.61581738
2.143106125 1199.698744 734.7223498 0.6197539438 143.7306132 24.67826875 43.42455726 18.40708286
1.366032916 730.0417859 1251.90597 0.3507958751 33.5793096 12.28301032 53.03577019 13.1535567
1.304626485 970.1295349 758.4872283 0.3153516732 113.9950045 13.44085492 34.2396774 6.323107332
2.21115275 940.167961 1228.797219 0.6558023736 60.09575281 20.84588263 47.13214078 21.49850097
2.070317592 1118.444697 1011.466274 0.3949789241 79.884385 27.83522561 42.14458985 19.94749654
1.013903651 775.2507071 1375.525204 0.5761567585 184.1903236 15.20118739 54.57930218 14.73211728
0.8165890137 1145.518129 1179.273426 0.5487059793 167.7210139 10.56948295 40.01157481 17.05414807
1.84265323 740.3123903 808.9631729 0.4426628588 97.86961384 22.6230281 56.65400958 11.99548611
2.438817049 1060.191196 1425.805812 0.7783238379 21.80759581 26.17511405 32.68131481 9.216139633
1.501941033 842.2413108 961.7471926 0.2130267432 153.755136 18.26772036 48.86599853 24.23544539
1.5165643 963.6272563 1403.06609 0.6543900855 194.2394314 12.17645662 45.97136529 22.59614255
2.424322722 930.9801057 985.8823746 0.3185172677 73.01528241 24.7665116 37.30497502 7.732788771
1.857963952 1126.835533 1155.94767 0.5840098172 47.6280435 26.53178433 53.879727 11.13508247
0.8011479327 782.4208101 832.5125128 0.3888790287 129.6104473 19.16089809 44.74823666 16.03720594
1.028423107 1154.458177 1034.600769 0.4348054683 132.8288281 13.7973721 59.18464397 13.40806553
2.055719455 747.0552025 1351.784222 0.5548009081 40.30096814 21.7389071 39.26828231 18.15377688
2.226567081 1053.261686 781.4259335 0.2144342793 99.41481585 29.44204737 51.85782596 20.32347513
1.289289012 833.6028464 1204.861401 0.7751539832 163.6872588 17.34451883 31.47636423 5.615904052
1.380617171 1077.505293 711.3935456 0.5094455192 83.73294707 18.6866921 57.67408426 14.94634179
2.128598727 797.5456 1275.452261 0.4795751365 181.7533327 25.77445375 40.57387118 19.7320311
1.888076222 1007.070451 1058.511965 0.7390640976 117.1239624 23.08106011 50.58517495 21.32212425
1.202707396 913.878335 1328.822123 0.2499380151 58.34540775 10.1297606 33.01256552 6.498281267
1.005366907 1042.016442 1125.928202 0.2796069857 29.22139302 15.34680337 48.44506614 24.21529122
1.660385983 886.8126369 861.8697494 0.6938860927 144.9517396 27.70792048 35.09482445 9.235055186
2.356289029 1175.439498 1479.103038 0.3592346612 175.8104707 20.95243238 56.12281543 12.05347132
1.577957748 707.4915537 908.7925702 0.614240339 88.33562696 13.35261542 42.30017739 16.99496239
1.598857628 1194.532431 1264.322312 0.2252718532 126.4369083 28.3441033 36.09645867 11.50440216
2.335256993 726.4471257 747.1328631 0.7848285871 50.78537064 15.94383562 45.24623073 16.2891857
1.73619094 1014.966795 1317.301919 0.445652126 70.55301689 12.69942863 44.00853988 24.76496939
0.9296955763 860.1139139 1093.860288 0.5644668574 196.6962997 20.33822449 52.6858872 9.94022049
1.13074231 987.9009852 898.3899355 0.6106767874 155.597081 25.12119241 38.11833104 22.02305635
1.960116721 895.0598527 1115.579885 0.4167090405 107.4992543 18.07255749 58.51813171 7.042505685
2.111331301 1104.478407 944.9225247 0.6810479719 31.50499929 10.7658653 30.79523264 14.24602108
1.397810957 824.3814128 1468.363702 0.3463559341 141.608243 23.6781716 50.72260858 19.18719767
1.256665165 1064.266504 974.3560672 0.3853066079 60.81060158 22.35554749 39.42393366 21.02860214
2.259117338 844.9585925 1438.420516 0.6414930657 114.6645293 14.45301047 57.00755825 6.165544223
1.971718261 1151.058704 821.3764608 0.3056880161 184.9243069 16.74991788 32.3314193 12.70232683
1.112499764 743.5183649 1191.693091 0.7211301647 80.57854824 28.80831493 49.4499722 17.60474602
0.888158919 1115.693149 1387.92028 0.7504966905 97.13418214 24.17183254 33.88632185 10.59021074
1.771086541 771.1411205 1023.85533 0.2601898996 167.0281489 11.54280342 47.71991783 15.33684723
2.459748944 966.8891628 1241.387691 0.5208690284 153.0390105 19.77746394 41.56046597 23.14040497
1.481005872 934.5929998 771.071513 0.4898356756 21.13954086 27.18749598 54.92899027 8.433759175
1.4608227 1135.139407 1066.082393 0.3353711918 161.2005615 29.13792074 43.13755894 5.725388415
2.480038762 790.7265898 1345.766418 0.6747246854 101.8959988 16.42031204 53.20650727 20.82312189
1.804128926 955.3300429 713.2010981 0.4150915466 37.10633969 14.74355035 36.04458849 18.04337725
0.8550092793 922.6848016 1299.135993 0.5950228378 136.0069566 22.06500757 45.64846178 12.90689316
1.078938208 1044.955904 1496.24224 0.5660886137 132.084098 27.47796206 30.15759674 15.30653628
2.005178845 825.2989741 916.5587157 0.4612926176 45.13793379 19.48699789 51.47657367 10.01394523
2.27898878 1162.753483 1149.41698 0.7957999071 76.19823823 11.87233066 37.83311583 8.461932298
1.236893683 755.352414 863.4816319 0.231599438 191.0510036 23.84230534 58.68701773 23.716364
1.431164279 999.7507709 1170.252195 0.4908637719 91.53025609 20.00869613 32.39702228 16.80781117
2.078077129 906.5567453 843.69317 0.5359313095 172.6323428 13.02895695 49.0321773 11.63149202
1.940452082 1084.833571 1423.133489 0.2705830092 147.4384375 15.65337081 40.31047868 9.423732627
1.150305165 804.8719729 990.3235942 0.7562306153 26.74021071 28.63456808 56.47320516 24.63818638
0.9496703097 1182.761085 792.4116835 0.7107413758 55.16245127 23.38762807 41.86124504 7.306922972
1.71610814 714.8112359 1218.970208 0.2999406558 120.3123896 11.05640886 54.74637145 22.36528885
2.30242121 1034.690071 1039.236943 0.640451498 179.2796814 17.74295518 34.53769078 18.92430458
1.631799247 879.4843567 1372.047292 0.3702486116 86.22305611 25.45079475 46.95038865 13.90470274
1.544801915 1022.295535 804.0418625 0.7691465648 138.4747254 10.45929734 53.94630329 19.62474085
2.389338215 867.4407488 1183.731622 0.2037653873 34.65497466 22.75152333 44.33141395 14.4493467
1.680669633 1187.212258 951.0625422 0.5394261876 105.0640548 26.06492933 46.85693789 6.60587769
0.9851905123 719.1250443 1437.003911 0.4334672214 158.0377512 18.39621648 36.76964885 21.82125628
1.182942918 1097.151574 1233.231266 0.4042494331 199.8414907 13.64316488 52.15774728 8.874167781
1.907941673 817.0526706 753.5412446 0.5853615042 67.41334153 20.66188296 31.29288655 23.93282907
2.162066289 995.2230647 1386.698581 0.324538162 53.23361609 28.03753586 59.83687154 17.35676462
1.347049649 902.3800267 1000.757523 0.6650546972 124.0051641 15.01718802 38.4996111 12.33745834
1.308846686 1142.761029 1306.511469 0.6290325284 23.57473971 18.83128621 49.71333515 7.917938028
2.206910257 735.2225988 1079.94671 0.3599926837 150.5983396 26.86139617 33.53232784 23.01535672
2.022460127 1072.57087 1259.490789 0.6993133225 170.1616659 24.4759585 57.62307205 15.85114224
1.061784218 853.2648639 726.6744211 0.2896933824 93.9842061 12.46700969 40.97696087 10.71434321
0.8340971648 975.1849308 931.2039018 0.2445065184 78.13030345 17.05404451 55.48615172 18.74938186
1.825122786 942.8906732 1457.768923 0.7289911544 187.3560518 29.73252172 43.0551158 13.45588461
2.40424751 1107.386875 877.7365863 0.4647963649 111.519339 21.40936924 48.15887785 5.019993111
1.536533676 762.8367565 1110.552645 0.508683194 63.9502776 14.12690999 35.26273806 20.27351875
